%YAML:1.0
---
mtx: !!opencv-matrix
   rows: 3
   cols: 3
   dt: d
   data: [ 5.3541366119830195e+02, 0., 3.2100093346198395e+02, 0.,
       5.3563378385165925e+02, 2.2722757277431538e+02, 0., 0., 1. ]
dist: !!opencv-matrix
   rows: 1
   cols: 5
   dt: d
   data: [ -4.4602258162022618e-01, 2.9964872502983264e-01,
       3.5081820879386309e-04, 5.3166303661189996e-04,
       -1.4569878822391044e-01 ]
